ADABTC: [-2.84, 0.66, 1.07, 1.17, 1.83, 1.87]
BTSBTC: [-0.5]
DNTBTC: [-2.34, 0.39]
ENJBTC: [0.72, 1.15]
IOSTBTC: [-3.31, 0.58, 1.3, 1.58, 8.6]
LINKBTC: [0.02, 1.37]
NCASHBTC: [-1.32, 0.8, 1.06]
POEBTC: [-1.59, 1.06]
POWRBTC: [-4.12, 0.99, 1.69]
QLCBTC: [-3.74]
RCNBTC: [0.92]
SNTBTC: [-5.65, 0.93, 1.09]
STORMBTC: [-2.1, 0.93]
TNBBTC: [-1.27]
TRXBTC: [-4.38, 0.64, 1.7, 1.74]
WPRBTC: [-5.16]
XEMBTC: [-3.64, 4.58]
XLMBTC: [-0.06, 0.93, 1.03]
XRPBTC: [-1.69, 0.86, 1.21, 1.62]
XVGBTC: [-16.37, 1.33, 1.55, 1.71, 1.78, 1.96, 3.64]
ZILBTC: [-1.46, 1.48]
Total Profit: -0.03%